0
-0.0232937
-0.0471159
-0.0699081
-0.0939261
-0.116658
-0.140048
-0.163685
-0.185213
-0.210741
-0.22992
-0.256485
-0.275775
-0.299142
-0.323216
-0.340346
-0.367622
-0.385847
-0.40538
-0.43235
-0.447118
-0.467887
-0.494059
-0.507524
-0.525981
-0.552493
-0.567763
-0.580495
-0.604093
-0.625934
-0.637692
-0.650841
-0.671379
-0.690975
-0.704636
-0.717975
-0.735883
-0.753897
-0.762272
-0.754244
-0.729366
-0.691506
-0.645477
-0.595022
-0.542385
-0.488693
-0.434442
-0.379837
-0.32497
-0.269892
-0.214642
-0.159257
-0.103771
-0.0482194
0.00736254
0.0629399
0.118477
0.17394
0.229293
0.284502
0.339531
0.394345
0.448911
0.503194
0.557159
0.610772
0.664
0.716809
0.769166
0.821038
0.872391
0.923194
0.973415
1.02302
1.07198
1.12027
1.16784
1.21468
1.26076
1.30604
1.35049
1.39409
1.43682
1.47863
1.51952
1.55944
1.59838
1.63631
1.67321
1.70906
1.74382
1.77749
1.81003
1.84143
1.87167
1.90073
1.92859
1.95523
1.98064
2.0048
2.02769
2.0493
2.06963
2.08864
2.10634
2.12271
2.13774
2.15142
2.16374
2.1747
2.18428
2.19249
2.19931
2.20475
2.20879
2.21144
2.2127
2.21256
2.21102
2.20809
2.20376
2.19805
2.19095
2.18246
2.1726
2.16136
2.14877
2.13482
2.11952
2.10288
2.08491
2.06564
2.04505
2.02318
2.00003
1.97562
1.94996
1.92307
1.89497
1.86567
1.8352
1.80356
1.77079
1.7369
1.70192
1.66586
1.62875
1.59061
1.55147
1.51135
1.47028
1.42828
1.38538
1.3416
1.29698
1.25154
1.20531
1.15831
1.11059
1.06217
1.01308
0.963343
0.913003
0.862087
0.810626
0.758654
0.706203
0.653307
0.599999
0.546311
0.49228
0.437937
0.383319
0.328458
0.27339
0.21815
0.162772
0.107291
0.0517429
-0.00383812
-0.0594169
-0.114958
-0.170427
-0.225788
-0.281006
-0.336047
-0.390877
-0.445459
-0.499761
-0.553747
-0.607384
-0.660637
-0.713474
-0.765861
-0.817764
-0.869151
-0.91999
-0.970248
-1.01989
-1.0689
-1.11723
-1.16485
-1.21174
-1.25786
-1.30319
-1.3477
-1.39135
-1.43412
-1.47597
-1.51681
-1.55646
-1.59451
-1.63009
-1.66165
-1.68709
-1.70465
-1.7147
-1.72112
-1.72976
-1.74335
-1.75759
-1.76579
-1.76879
-1.77439
-1.78345
-1.78759
-1.7867
-1.78965
-1.79313
-1.78962
-1.78739
-1.78786
-1.78135
-1.77589
-1.77261
-1.76217
-1.75514
-1.74669
-1.73324
-1.72481
-1.70952
-1.69664
-1.68234
-1.66432
-1.65016
-1.62875
-1.61297
-1.58969
-1.57135
-1.54673
-1.52583
-1.4997
-1.47669
-1.44862
-1.4241
-1.39363
-1.3681
-1.33507
-1.3085
-1.27357
-1.24483
-1.20993
-1.17682
-1.14417
-1.10573
-1.07431
-1.0345
-0.998332
-0.963153
-0.920281
-0.885142
-0.845977
-0.801676
-0.765841
-0.725069
-0.678475
-0.640582
-0.601536
-0.552915
-0.508847
-0.472595
-0.429549
-0.377829
-0.331473
-0.295367
-0.258222
-0.209505
-0.151954
-0.0971009
-0.0546064
-0.0271521
-0.0120157
-0.00476435
-0.00170332
-0.000552161
-0.000163106
-4.4096e-05
-1.09523e-05
-2.50754e-06
-5.30759e-07
-1.04132e-07
-1.89803e-08
-3.22057e-09
-5.09629e-10
-7.53288e-11
-1.04151e-11
-1.34867e-12
-1.63743e-13
-1.86576e-14
-1.99686e-15
-2.00889e-16
-1.90084e-17
-1.69255e-18
-1.41882e-19
-1.12006e-20
-8.32893e-22
-5.83487e-23
-3.85118e-24
-2.39478e-25
-1.40279e-26
-7.73906e-28
-4.01995e-29
-1.96525e-30
-9.03792e-32
-3.90759e-33
-1.5872e-34
-6.05168e-36
-2.16384e-37
-7.24765e-39
-2.27116e-40
-6.64899e-42
-1.81557e-43
-4.61554e-45
-1.09012e-46
-2.38635e-48
-4.82869e-50
-9.00352e-52
-1.54149e-53
-2.4134e-55
-3.43877e-57
-4.4343e-59
-5.14048e-61
-5.31459e-63
-4.85271e-65
-3.86614e-67
-2.64625e-69
-1.52478e-71
-7.19261e-74
-2.66716e-76
-7.2908e-79
-1.30622e-81
-1.15063e-84
0
0
0
0
0
0
0
0
0
0
0
0
0
0
0
0
0
0
0
0
0
0
0
0
0
0
0
0
0
0
0
0
0
0
0
0
0
0
0
0
0
0
0
0
0
0
0
0
0
0
0
0
0
0
0
0
0
0
0
0
0
0
0
0
0
0
0
0
0
0
0
0
0
0
0
0
0
0
0
0
0
0
0
0
0
0
0
0
0
0
0
0
0
0
0
0
0
0
0
0
0
0
0
0
0
0
0
0
0
0
0
0
0
0
0
0
0
0
0
0
0
0
0
0
0
0
0
0
0
0
0
0
0
0
0
0
0
0
0
0
0
0
0
0
0
0
0
0
0
0
0
0
0
0
0
0
0
0
0
0
0
0
0
0
0
0
0
0
0
0
0
0
0
0
0
0
0
0
0
0
0
0
0
0
0
0
0
0
0
0
0
0
0
0
0
0
0
0
0
0
0
0
0
0
0
0
0
0
0
0
0
0
0
0
0
0
0
0
0
0
0
0
0
0
0
0
0
0
0
0
0
0
0
0
0
0
0
0
0
0
0
0
0
0
0
0
0
0
0
0
0
0
0
0
0
0
0
0
0
0
0
0
0
0
0
0
0
0
0
0
0
0
0
0
0
0
0
0
0
0
0
0
0
0
0
0
0
0
0
0
0
0
0
0
0
0
0
0
0
0
0
0
0
0
0
0
0
0
0
0
0
0
0
0
0
0
0
0
0
0
0
0
0
0
0
0
0
0
0
0
0
0
0
0
0
0
0
0
0
0
0
0
0
0
0
0
0
0
0
0
0
0
0
0
0
0
0
0
0
0
0
0
0
0
0
0
0
0
0
0
0
0
0
0
0
0
0
0
0
0
0
0
0
0
0
0
0
0
0
0
0
0
0
0
0
0
0
0
0
0
0
0
0
0
0
0
0
0
0
0
0
0
0
0
0
0
0
0
0
0
0
0
0
0
0
0
0
0
0
0
0
0
0
0
0
0
0
0
0
0
0
0
0
0
0
0
0
0
0
0
0
0
0
0
0
0
0
0
0
0
0
0
0
0
0
0
0
0
0
0
0
0
0
0
0
0
0
0
0
0
0
0
0
0
0
0
0
0
0
0
0
0
0
0
0
0
0
0
0
0
0
0
0
0
0
0
0
0
0
0
0
0
0
0
0
0
0
0
0
0
0
0
0
0
0
0
0
0
0
0
0
0
0
0
0
0
0
0
0
0
0
0
0
0
0
0
0
0
0
0
0
0
0
0
0
0
0
0
0
0
0
0
0
0
0
0
0
0
0
0
0
0
0
0
0
0
0
0
0
0
0
0
0
0
0
0
0
0
0
0
0
0
0
0
0
0
0
0
0
0
0
0
0
0
0
0
0
0
0
0
0
0
0
0
0
0
0
0
0
0
0
0
0
0
0
0
0
0
0
0
0
0
0
0
0
0
0
0
0
0
0
0
0
0
0
0
0
0
