0.000000
-0.023294
-0.047116
-0.069908
-0.093926
-0.116658
-0.140048
-0.163685
-0.185213
-0.210741
-0.229920
-0.256485
-0.275775
-0.299142
-0.323216
-0.340346
-0.367622
-0.385847
-0.405380
-0.432350
-0.447118
-0.467887
-0.494059
-0.507524
-0.525981
-0.552493
-0.567763
-0.580495
-0.604093
-0.625934
-0.637692
-0.650841
-0.671379
-0.690975
-0.704636
-0.717975
-0.735883
-0.753897
-0.762272
-0.754244
-0.729366
-0.691506
-0.645477
-0.595022
-0.542385
-0.488693
-0.434442
-0.379837
-0.324970
-0.269892
-0.214642
-0.159257
-0.103771
-0.048219
0.007363
0.062940
0.118477
0.173940
0.229293
0.284502
0.339531
0.394345
0.448911
0.503194
0.557159
0.610772
0.664000
0.716809
0.769166
0.821038
0.872391
0.923194
0.973415
1.023021
1.071982
1.120266
1.167843
1.214684
1.260758
1.306037
1.350491
1.394094
1.436817
1.478633
1.519516
1.559440
1.598381
1.636313
1.673212
1.709056
1.743821
1.777486
1.810029
1.841431
1.871670
1.900728
1.928587
1.955229
1.980638
2.004796
2.027690
2.049304
2.069626
2.088641
2.106338
2.122707
2.137736
2.151416
2.163738
2.174696
2.184281
2.192488
2.199311
2.204747
2.208791
2.211442
2.212698
2.212557
2.211020
2.208088
2.203763
2.198048
2.190945
2.182460
2.172598
2.161365
2.148768
2.134815
2.119516
2.102879
2.084915
2.065636
2.045053
2.023180
2.000030
1.975618
1.949960
1.923071
1.894969
1.865671
1.835196
1.803563
1.770792
1.736903
1.701919
1.665861
1.628751
1.590614
1.551474
1.511354
1.470281
1.428280
1.385378
1.341601
1.296978
1.251537
1.205306
1.158315
1.110592
1.062169
1.013076
0.963343
0.913003
0.862087
0.810626
0.758654
0.706203
0.653307
0.599999
0.546311
0.492280
0.437937
0.383319
0.328458
0.273390
0.218150
0.162772
0.107291
0.051743
-0.003838
-0.059417
-0.114958
-0.170427
-0.225788
-0.281006
-0.336047
-0.390877
-0.445459
-0.499761
-0.553747
-0.607384
-0.660637
-0.713474
-0.765861
-0.817764
-0.869151
-0.919990
-0.970248
-1.019894
-1.068897
-1.117225
-1.164849
-1.211737
-1.257860
-1.303190
-1.347697
-1.391353
-1.434125
-1.475970
-1.516809
-1.556463
-1.594515
-1.630092
-1.661652
-1.687092
-1.704653
-1.714703
-1.721116
-1.729760
-1.743351
-1.757587
-1.765785
-1.768792
-1.774395
-1.783453
-1.787593
-1.786696
-1.789645
-1.793130
-1.789623
-1.787390
-1.787857
-1.781355
-1.775895
-1.772611
-1.762166
-1.755137
-1.746694
-1.733240
-1.724811
-1.709523
-1.696636
-1.682338
-1.664323
-1.650160
-1.628755
-1.612966
-1.589691
-1.571353
-1.546733
-1.525830
-1.499703
-1.476693
-1.448619
-1.424103
-1.393631
-1.368102
-1.335070
-1.308500
-1.273572
-1.244828
-1.209933
-1.176821
-1.144172
-1.105725
-1.074311
-1.034501
-0.998332
-0.963153
-0.920281
-0.885142
-0.845977
-0.801676
-0.765841
-0.725069
-0.678475
-0.640582
-0.601536
-0.552915
-0.508847
-0.472595
-0.429549
-0.377829
-0.331473
-0.295367
-0.258222
-0.209505
-0.151954
-0.097101
-0.054606
-0.027152
-0.012016
-0.004764
-0.001703
-0.000552
-0.000163
-0.000044
-0.000011
-0.000003
-0.000001
-0.000000
-0.000000
-0.000000
-0.000000
-0.000000
-0.000000
-0.000000
-0.000000
-0.000000
-0.000000
-0.000000
-0.000000
-0.000000
-0.000000
-0.000000
-0.000000
-0.000000
-0.000000
-0.000000
-0.000000
-0.000000
-0.000000
-0.000000
-0.000000
-0.000000
-0.000000
-0.000000
-0.000000
-0.000000
-0.000000
-0.000000
-0.000000
-0.000000
-0.000000
-0.000000
-0.000000
-0.000000
-0.000000
-0.000000
-0.000000
-0.000000
-0.000000
-0.000000
-0.000000
-0.000000
-0.000000
-0.000000
-0.000000
-0.000000
-0.000000
-0.000000
-0.000000
0.000000
0.000000
0.000000
0.000000
0.000000
0.000000
0.000000
0.000000
0.000000
0.000000
0.000000
0.000000
0.000000
0.000000
0.000000
0.000000
0.000000
0.000000
0.000000
0.000000
0.000000
0.000000
0.000000
0.000000
0.000000
0.000000
0.000000
0.000000
0.000000
0.000000
0.000000
0.000000
0.000000
0.000000
0.000000
0.000000
0.000000
0.000000
0.000000
0.000000
0.000000
0.000000
0.000000
0.000000
0.000000
0.000000
0.000000
0.000000
0.000000
0.000000
0.000000
0.000000
0.000000
0.000000
0.000000
0.000000
0.000000
0.000000
0.000000
0.000000
0.000000
0.000000
0.000000
0.000000
0.000000
0.000000
0.000000
0.000000
0.000000
0.000000
0.000000
0.000000
0.000000
0.000000
0.000000
0.000000
0.000000
0.000000
0.000000
0.000000
0.000000
0.000000
0.000000
0.000000
0.000000
0.000000
0.000000
0.000000
0.000000
0.000000
0.000000
0.000000
0.000000
0.000000
0.000000
0.000000
0.000000
0.000000
0.000000
0.000000
0.000000
0.000000
0.000000
0.000000
0.000000
0.000000
0.000000
0.000000
0.000000
0.000000
0.000000
0.000000
0.000000
0.000000
0.000000
0.000000
0.000000
0.000000
0.000000
0.000000
0.000000
0.000000
0.000000
0.000000
0.000000
0.000000
0.000000
0.000000
0.000000
0.000000
0.000000
0.000000
0.000000
0.000000
0.000000
0.000000
0.000000
0.000000
0.000000
0.000000
0.000000
0.000000
0.000000
0.000000
0.000000
0.000000
0.000000
0.000000
0.000000
0.000000
0.000000
0.000000
0.000000
0.000000
0.000000
0.000000
0.000000
0.000000
0.000000
0.000000
0.000000
0.000000
0.000000
0.000000
0.000000
0.000000
0.000000
0.000000
0.000000
0.000000
0.000000
0.000000
0.000000
0.000000
0.000000
0.000000
0.000000
0.000000
0.000000
0.000000
0.000000
0.000000
0.000000
0.000000
0.000000
0.000000
0.000000
0.000000
0.000000
0.000000
0.000000
0.000000
0.000000
0.000000
0.000000
0.000000
0.000000
0.000000
0.000000
0.000000
0.000000
0.000000
0.000000
0.000000
0.000000
0.000000
0.000000
0.000000
0.000000
0.000000
0.000000
0.000000
0.000000
0.000000
0.000000
0.000000
0.000000
0.000000
0.000000
0.000000
0.000000
0.000000
0.000000
0.000000
0.000000
0.000000
0.000000
0.000000
0.000000
0.000000
0.000000
0.000000
0.000000
0.000000
0.000000
0.000000
0.000000
0.000000
0.000000
0.000000
0.000000
0.000000
0.000000
0.000000
0.000000
0.000000
0.000000
0.000000
0.000000
0.000000
0.000000
0.000000
0.000000
0.000000
0.000000
0.000000
0.000000
0.000000
0.000000
0.000000
0.000000
0.000000
0.000000
0.000000
0.000000
0.000000
0.000000
0.000000
0.000000
0.000000
0.000000
0.000000
0.000000
0.000000
0.000000
0.000000
0.000000
0.000000
0.000000
0.000000
0.000000
0.000000
0.000000
0.000000
0.000000
0.000000
0.000000
0.000000
0.000000
0.000000
0.000000
0.000000
0.000000
0.000000
0.000000
0.000000
0.000000
0.000000
0.000000
0.000000
0.000000
0.000000
0.000000
0.000000
0.000000
0.000000
0.000000
0.000000
0.000000
0.000000
0.000000
0.000000
0.000000
0.000000
0.000000
0.000000
0.000000
0.000000
0.000000
0.000000
0.000000
0.000000
0.000000
0.000000
0.000000
0.000000
0.000000
0.000000
0.000000
0.000000
0.000000
0.000000
0.000000
0.000000
0.000000
0.000000
0.000000
0.000000
0.000000
0.000000
0.000000
0.000000
0.000000
0.000000
0.000000
0.000000
0.000000
0.000000
0.000000
0.000000
0.000000
0.000000
0.000000
0.000000
0.000000
0.000000
0.000000
0.000000
0.000000
0.000000
0.000000
0.000000
0.000000
0.000000
0.000000
0.000000
0.000000
0.000000
0.000000
0.000000
0.000000
0.000000
0.000000
0.000000
0.000000
0.000000
0.000000
0.000000
0.000000
0.000000
0.000000
0.000000
0.000000
0.000000
0.000000
0.000000
0.000000
0.000000
0.000000
0.000000
0.000000
0.000000
0.000000
0.000000
0.000000
0.000000
0.000000
0.000000
0.000000
0.000000
0.000000
0.000000
0.000000
0.000000
0.000000
0.000000
0.000000
0.000000
0.000000
0.000000
0.000000
0.000000
0.000000
0.000000
0.000000
0.000000
0.000000
0.000000
0.000000
0.000000
0.000000
0.000000
0.000000
0.000000
0.000000
0.000000
0.000000
0.000000
0.000000
0.000000
0.000000
0.000000
0.000000
0.000000
0.000000
0.000000
0.000000
0.000000
0.000000
0.000000
0.000000
0.000000
0.000000
0.000000
0.000000
0.000000
0.000000
0.000000
0.000000
0.000000
0.000000
0.000000
0.000000
0.000000
0.000000
0.000000
0.000000
0.000000
0.000000
0.000000
0.000000
0.000000
0.000000
0.000000
0.000000
0.000000
0.000000
0.000000
0.000000
0.000000
0.000000
0.000000
0.000000
0.000000
0.000000
0.000000
0.000000
0.000000
0.000000
0.000000
0.000000
0.000000
0.000000
0.000000
0.000000
0.000000
0.000000
0.000000
0.000000
0.000000
0.000000
0.000000
0.000000
0.000000
0.000000
0.000000
0.000000
0.000000
0.000000
0.000000
0.000000
0.000000
0.000000
0.000000
0.000000
0.000000
0.000000
0.000000
0.000000
0.000000
0.000000
0.000000
0.000000
0.000000
0.000000
0.000000
0.000000
0.000000
0.000000
0.000000
0.000000
0.000000
0.000000
0.000000
0.000000
0.000000
0.000000
0.000000
0.000000
0.000000
0.000000
0.000000
0.000000
0.000000
0.000000
0.000000
0.000000
0.000000
0.000000
0.000000
0.000000
0.000000
0.000000
0.000000
0.000000
0.000000
0.000000
0.000000
0.000000
0.000000
0.000000
0.000000
0.000000
0.000000
0.000000
0.000000
0.000000
0.000000
0.000000
0.000000
0.000000
0.000000
0.000000
0.000000
0.000000
0.000000
0.000000
0.000000
0.000000
0.000000
0.000000
0.000000
0.000000
0.000000
0.000000
0.000000
0.000000
0.000000
0.000000
0.000000
0.000000
0.000000
0.000000
0.000000
0.000000
0.000000
0.000000
0.000000
0.000000
0.000000
0.000000
0.000000
0.000000
0.000000
0.000000
0.000000
0.000000
0.000000
0.000000
0.000000
0.000000
0.000000
0.000000
0.000000
0.000000
0.000000
0.000000
0.000000
0.000000
0.000000
0.000000
0.000000
0.000000
0.000000
0.000000
0.000000
0.000000
0.000000
0.000000
0.000000
0.000000
0.000000
0.000000
0.000000
0.000000
0.000000
0.000000
0.000000
0.000000
0.000000
0.000000
0.000000
0.000000
0.000000
0.000000
0.000000
0.000000
0.000000
0.000000
0.000000
0.000000
0.000000
0.000000
0.000000
0.000000
0.000000
0.000000
0.000000
